A =

   5135.11426   -142.55059  -4095.16986
  -4095.16986      0.00000  -1223.14055
   3061.68545  -2919.13485      0.00000

b =

  -5.03848
   0.00000
   0.00000

filename = mesh_an.tex
filename = vc.tex
filename = vb.tex
