R1 = 1039.94439216
R2 = 2079.23431764
R3 = 3061.68544529
R4 = 4095.16986362
R5 = 3001.36467001
R6 = 2033.24628446
R7 = 1022.16788331
Vs = 5.03847501972
C = 0.00101674167773
Kb = 0.00701505323139
Kd = 8373.72457746
