R1 = 1.03994439216 
R2 = 2.07923431764 
R3 = 3.06168544529 
R4 = 4.09516986362 
R5 = 3.00136467001 
R6 = 2.03324628446 
R7 = 1.02216788331 
Vs = 5.03847501972 
C = 1.01674167773 
Kb = 7.01505323139 
Kc = 8.37372457746

Units for the values: V, mA, kOhm and mS