ans =

   0.00057745
   0.00060565
   0.00193336

