ans =

   0.00057745
   0.00060565
   0.00193336

a =
{
  [1,1] = R1
  [2,1] = R2
  [3,1] = R3
  [4,1] = R4
  [5,1] = R5
  [6,1] = R6
  [7,1] = R7
  [8,1] = Vs
  [9,1] = C
  [10,1] = Kb
  [11,1] = Kd
}

b =

   1039.9443922
   2079.2343176
   3061.6854453
   4095.1698636
   3001.3646700
   2033.2462845
   1022.1678833
      5.0384750
      0.0010167
      0.0070151
   8373.7245775

