R1 = 1.03994439216;
R2 = 2.07923431764;
R3 = 3.06168544529;
R4 = 4.09516986362;
R5 = 3.00136467001;
R6 = 2.03324628446;
R7 = 1.02216788331;
Vs = 5.03847501972;
C = 1.01674167773;
Kb = 7.01505323139;
Kd = 8.37372457746;

#Units for the values: V, mA, kOhm and mS
# [C] = mF

##to put units well
R1 = R1*1000;
R2 = R2*1000;
R3 = R3*1000;
R4 = R4*1000;
R5 = R5*1000;
R6 = R6*1000;
R7 = R7*1000;
C  = C*0.001;
Kb = Kb*0.001;
Kd = Kd*1000;

A = [R4+R3+R1 -R3 -R4;
     R4 0 R4+R6+R7-Kd;
     Kb*R3 1-Kb*R3 0;];
    
v = [-Vs; 0; 0];

A\v

B = load data.txt
